0.000000000000000000e+00,0.000000000000000000e+00
2.083333333333333218e-02,1.404316800341442649e+04
4.166666666666666435e-02,1.356516081719384238e+04
6.250000000000000000e-02,1.316956700521401945e+04
8.333333333333332871e-02,1.316112709397853541e+04
1.041666666666666574e-01,1.315263003082761134e+04
1.250000000000000000e-01,1.314408984035019603e+04
1.458333333333333148e-01,1.313551996199931818e+04
1.666666666666666574e-01,1.312693325991698293e+04
1.875000000000000000e-01,1.311834203288505159e+04
2.083333333333333148e-01,1.310975802439959443e+04
2.291666666666666574e-01,1.310119243286553319e+04
2.500000000000000000e-01,1.309265592190759344e+04
2.708333333333333148e-01,1.308415863079316841e+04
2.916666666666666297e-01,1.307571018496183024e+04
3.125000000000000000e-01,1.306731970665587505e+04
3.333333333333333148e-01,1.305899582564545926e+04
3.541666666666666297e-01,1.305074669004164753e+04
3.750000000000000000e-01,1.304257997718996558e+04
3.958333333333333148e-01,1.303450290463677811e+04
4.166666666666666297e-01,1.302652224116026264e+04
4.375000000000000000e-01,1.301864431785744819e+04
4.583333333333333148e-01,1.301087503927843500e+04
4.791666666666666297e-01,1.300321989459868200e+04
5.000000000000000000e-01,1.299568396881976514e+04
5.208333333333332593e-01,1.298827195398915501e+04
5.416666666666666297e-01,1.298098816042904582e+04
5.625000000000000000e-01,1.297383652796437673e+04
5.833333333333332593e-01,1.296682063713988464e+04
6.041666666666666297e-01,1.295994373743799952e+04
6.250000000000000000e-01,1.295320880237429446e+04
6.458333333333332593e-01,1.294661848079822084e+04
6.666666666666666297e-01,1.294017509227147093e+04
6.875000000000000000e-01,1.293388063934801539e+04
7.083333333333332593e-01,1.292773681972926715e+04
7.291666666666666297e-01,1.292174503828335583e+04
7.500000000000000000e-01,1.291590641891808627e+04
7.708333333333332593e-01,1.291022181629775150e+04
7.916666666666666297e-01,1.290469182739454482e+04
8.125000000000000000e-01,1.289931680286581832e+04
8.333333333333332593e-01,1.289409685824918779e+04
8.541666666666666297e-01,1.288903188496779694e+04
8.750000000000000000e-01,1.288412156113885794e+04
8.958333333333332593e-01,1.287936536217901448e+04
9.166666666666666297e-01,1.287476257120056107e+04
9.375000000000000000e-01,1.287031228919335263e+04
9.583333333333332593e-01,1.286601344498735489e+04
9.791666666666666297e-01,1.286186480499171739e+04
1.000000000000000000e+00,1.285786498270653829e+04
1.020833333333333259e+00,1.285401244800390850e+04
1.041666666666666519e+00,1.285030553617559781e+04
1.062500000000000000e+00,1.284674245674484700e+04
1.083333333333333259e+00,1.284332130204055284e+04
1.104166666666666519e+00,1.284004005553222305e+04
1.125000000000000000e+00,1.283689659992474844e+04
1.145833333333333259e+00,1.283388872501237347e+04
1.166666666666666519e+00,1.283101413529163256e+04
1.187500000000000000e+00,1.282827045733331761e+04
1.208333333333333259e+00,1.282565524691409883e+04
1.229166666666666519e+00,1.282316599590858095e+04
1.250000000000000000e+00,1.282080013894297372e+04
1.270833333333333259e+00,1.281855505981193346e+04
1.291666666666666519e+00,1.281642809766022401e+04
1.312500000000000000e+00,1.281441655293147778e+04
1.333333333333333259e+00,1.281251769308617440e+04
1.354166666666666519e+00,1.281072875809156540e+04
1.375000000000000000e+00,1.280904696568629515e+04
1.395833333333333259e+00,1.280746951642274144e+04
1.416666666666666519e+00,1.280599359849038592e+04
1.437500000000000000e+00,1.280461639232350353e+04
1.458333333333333259e+00,1.280333507499689222e+04
1.479166666666666519e+00,1.280214682441329569e+04
1.500000000000000000e+00,1.280104882328645181e+04
1.520833333333333259e+00,1.280003826292381200e+04
1.541666666666666519e+00,1.279911234681300994e+04
1.562500000000000000e+00,1.279826829401639770e+04
1.583333333333333259e+00,1.279750334237787683e+04
1.604166666666666519e+00,1.279681475154654981e+04
1.625000000000000000e+00,1.279619980582165226e+04
1.645833333333333259e+00,1.279565581682320772e+04
1.666666666666666519e+00,1.279518012599313079e+04
1.687500000000000000e+00,1.279477010693129705e+04
1.708333333333333259e+00,1.279442316757129083e+04
1.729166666666666519e+00,1.279413675220046935e+04
1.750000000000000000e+00,1.279390834332900340e+04
1.770833333333333259e+00,1.279373546341262772e+04
1.791666666666666519e+00,1.279361567643369563e+04
1.812500000000000000e+00,1.279354658934527470e+04
1.833333333333333259e+00,1.279352585338280915e+04
1.854166666666666519e+00,1.279355116524807818e+04
1.875000000000000000e+00,1.279362026816990692e+04
1.895833333333333259e+00,1.279373095284621377e+04
1.916666666666666519e+00,1.279388105827187610e+04
1.937500000000000000e+00,1.279406847245682729e+04
1.958333333333333259e+00,1.279429113303876147e+04
1.979166666666666519e+00,1.279454702779477884e+04
2.000000000000000000e+00,1.279483419505616985e+04
2.020833333333333037e+00,1.279515072403064551e+04
2.041666666666666519e+00,1.279549475503593203e+04
2.062500000000000000e+00,1.279586447964897161e+04
2.083333333333333037e+00,1.279625814077453106e+04
2.104166666666666519e+00,1.279667403263722008e+04
2.125000000000000000e+00,1.279711050070065176e+04
2.145833333333333037e+00,1.279756594151744503e+04
2.166666666666666519e+00,1.279803880251381270e+04
2.187500000000000000e+00,1.279852758171218375e+04
2.208333333333333037e+00,1.279903082739531965e+04
2.229166666666666519e+00,1.279954713771539173e+04
2.250000000000000000e+00,1.280007516025121731e+04
2.270833333333333037e+00,1.280061359151690340e+04
2.291666666666666519e+00,1.280116117642496101e+04
2.312500000000000000e+00,1.280171670770693527e+04
2.333333333333333037e+00,1.280227902529452331e+04
2.354166666666666519e+00,1.280284701566394870e+04
2.375000000000000000e+00,1.280341961114634250e+04
2.395833333333333037e+00,1.280399578920687054e+04
2.416666666666666519e+00,1.280457457169512782e+04
2.437500000000000000e+00,1.280515502406925589e+04
2.458333333333333037e+00,1.280573625459628238e+04
2.479166666666666519e+00,1.280631741353087637e+04
2.500000000000000000e+00,1.280689769227482611e+04
2.520833333333333037e+00,1.280747632251940740e+04
2.541666666666666519e+00,1.280805257537263606e+04
2.562500000000000000e+00,1.280862576047339826e+04
2.583333333333333037e+00,1.280919522509440867e+04
2.604166666666666519e+00,1.280976035323581164e+04
2.625000000000000000e+00,1.281032056471111719e+04
2.645833333333333037e+00,1.281087531422717075e+04
2.666666666666666519e+00,1.281142409045979366e+04
2.687500000000000000e+00,1.281196641512652786e+04
2.708333333333333037e+00,1.281250184205807454e+04
2.729166666666666519e+00,1.281302995626960183e+04
2.750000000000000000e+00,1.281355037303343852e+04
2.770833333333333037e+00,1.281406273695428536e+04
2.791666666666666519e+00,1.281456672104814425e+04
2.812500000000000000e+00,1.281506202582607875e+04
2.833333333333333037e+00,1.281554837838387903e+04
2.854166666666666519e+00,1.281602553149861342e+04
2.875000000000000000e+00,1.281649326272303733e+04
2.895833333333333037e+00,1.281695137329521094e+04
2.916666666666666519e+00,1.281739968731253975e+04
2.937500000000000000e+00,1.281783805108735032e+04
2.958333333333333037e+00,1.281826633229339132e+04
2.979166666666666519e+00,1.281868441911563423e+04
3.000000000000000000e+00,1.281909221941259602e+04
3.020833333333333037e+00,1.281948965989176941e+04
3.041666666666666519e+00,1.281987668529877556e+04
3.062500000000000000e+00,1.282025325762051580e+04
3.083333333333333037e+00,1.282061935530302435e+04
3.104166666666666519e+00,1.282097497248414584e+04
3.125000000000000000e+00,1.282132011824157962e+04
3.145833333333333037e+00,1.282165481585654197e+04
3.166666666666666519e+00,1.282197910209325346e+04
3.187500000000000000e+00,1.282229302649458259e+04
3.208333333333333037e+00,1.282259665069405310e+04
3.229166666666666519e+00,1.282289004774424757e+04
3.250000000000000000e+00,1.282317330146192398e+04
3.270833333333333037e+00,1.282344650578979781e+04
3.291666666666666519e+00,1.282370976417522616e+04
3.312500000000000000e+00,1.282396318896564480e+04
3.333333333333333037e+00,1.282420690082096917e+04
3.354166666666666519e+00,1.282444102814287544e+04
3.375000000000000000e+00,1.282466570652089649e+04
3.395833333333333037e+00,1.282488107819536526e+04
3.416666666666666519e+00,1.282508729153711465e+04
3.437500000000000000e+00,1.282528450054379937e+04
3.458333333333333037e+00,1.282547286435278875e+04
3.479166666666666519e+00,1.282565254677048142e+04
3.500000000000000000e+00,1.282582371581788902e+04
3.520833333333333037e+00,1.282598654329237979e+04
3.541666666666666519e+00,1.282614120434529468e+04
3.562500000000000000e+00,1.282628787707544325e+04
3.583333333333333037e+00,1.282642674213806094e+04
3.604166666666666519e+00,1.282655798236915143e+04
3.625000000000000000e+00,1.282668178242503200e+04
3.645833333333333037e+00,1.282679832843664190e+04
3.666666666666666519e+00,1.282690780767863544e+04
3.687500000000000000e+00,1.282701040825283781e+04
3.708333333333333037e+00,1.282710631878581262e+04
3.729166666666666519e+00,1.282719572814036655e+04
3.750000000000000000e+00,1.282727882514068187e+04
3.770833333333333037e+00,1.282735579831070572e+04
3.791666666666666519e+00,1.282742683562566162e+04
3.812500000000000000e+00,1.282749212427634848e+04
3.833333333333333037e+00,1.282755185044582686e+04
3.854166666666666519e+00,1.282760619909839443e+04
3.875000000000000000e+00,1.282765535378035929e+04
3.895833333333333037e+00,1.282769949643248765e+04
3.916666666666666519e+00,1.282773880721369642e+04
3.937500000000000000e+00,1.282777346433572893e+04
3.958333333333333037e+00,1.282780364390854083e+04
3.979166666666666519e+00,1.282782951979609425e+04
4.000000000000000000e+00,1.282785126348219273e+04
4.020833333333333037e+00,1.282786904394612429e+04
4.041666666666666075e+00,1.282788302754781398e+04
4.062500000000000000e+00,1.282789337792213337e+04
4.083333333333333037e+00,1.282790025588211574e+04
4.104166666666666075e+00,1.282790381933074605e+04
4.125000000000000000e+00,1.282790422318112542e+04
4.145833333333333037e+00,1.300872417313373080e+04
4.166666666666666075e+00,1.412847905344200262e+04
4.187500000000000000e+00,1.454774565596002140e+04
4.208333333333333037e+00,1.454770380330923945e+04
4.229166666666666075e+00,1.454765902660136999e+04
4.250000000000000000e+00,1.454761152939266685e+04
4.270833333333333037e+00,1.454756150921972585e+04
4.291666666666666075e+00,1.454750915761431315e+04
4.312500000000000000e+00,1.454745466012584802e+04
4.333333333333333037e+00,1.454739819635110325e+04
4.354166666666666075e+00,1.454733993997076323e+04
4.375000000000000000e+00,1.454728005879244301e+04
4.395833333333333037e+00,1.454721871479984475e+04
4.416666666666666075e+00,1.454715606420756740e+04
4.437500000000000000e+00,1.454709225752138809e+04
4.458333333333333037e+00,1.454702743960353109e+04
4.479166666666666075e+00,1.454696174974267706e+04
4.500000000000000000e+00,1.454689532172833788e+04
4.520833333333333037e+00,1.454682828392931697e+04
4.541666666666666075e+00,1.454676075937593487e+04
4.562500000000000000e+00,1.454669286584572183e+04
4.583333333333333037e+00,1.454662471595231546e+04
4.604166666666666075e+00,1.454655641723723602e+04
4.625000000000000000e+00,1.454648807226434656e+04
4.645833333333333037e+00,1.454641977871666677e+04
4.666666666666666075e+00,1.454635162949533697e+04
4.687500000000000000e+00,1.454628371282047010e+04
4.708333333333333037e+00,1.454621611233368458e+04
4.729166666666666075e+00,1.454614890720206313e+04
4.750000000000000000e+00,1.454608217222335225e+04
4.770833333333333037e+00,1.454601597793216933e+04
4.791666666666666075e+00,1.454595039070705388e+04
4.812500000000000000e+00,1.454588547287814799e+04
4.833333333333333037e+00,1.454582128283535349e+04
4.854166666666666075e+00,1.454575787513672549e+04
4.875000000000000000e+00,1.454569530061704063e+04
4.895833333333333037e+00,1.454563360649629612e+04
4.916666666666666075e+00,1.454557283648806333e+04
4.937500000000000000e+00,1.454551303090744477e+04
4.958333333333333037e+00,1.454545422677863098e+04
4.979166666666666075e+00,1.454539645794184617e+04
5.000000000000000000e+00,1.454533975515958809e+04
5.020833333333333037e+00,1.454528414622203491e+04
5.041666666666666075e+00,1.454522965605153513e+04
5.062500000000000000e+00,1.454517630680604270e+04
5.083333333333333037e+00,1.454512411798241737e+04
5.104166666666666075e+00,1.454507310651965599e+04
5.125000000000000000e+00,1.454502328689556452e+04
5.145833333333333037e+00,1.454497467122445596e+04
5.166666666666666075e+00,1.454492726935423707e+04
5.187500000000000000e+00,1.454488108896194171e+04
5.208333333333333037e+00,1.454483613564773259e+04
5.229166666666666075e+00,1.454479241302722585e+04
5.250000000000000000e+00,1.454474992282216772e+04
5.270833333333333037e+00,1.454470866494937218e+04
5.291666666666666075e+00,1.454466863760790147e+04
5.312500000000000000e+00,1.454462983736442766e+04
5.333333333333333037e+00,1.454459225923676422e+04
5.354166666666666075e+00,1.454455589677554599e+04
5.375000000000000000e+00,1.454452074214398817e+04
5.395833333333333037e+00,1.454448678619578277e+04
5.416666666666666075e+00,1.454445401855101954e+04
5.437500000000000000e+00,1.454442242767020798e+04
5.458333333333333037e+00,1.454439200092633109e+04
5.479166666666666075e+00,1.454436272467493473e+04
5.500000000000000000e+00,1.454433458432228872e+04
5.520833333333333037e+00,1.454430756439154720e+04
5.541666666666666075e+00,1.454428164858699529e+04
5.562500000000000000e+00,1.454425681985629490e+04
5.583333333333333037e+00,1.454423306045082427e+04
5.604166666666666075e+00,1.454421035198406025e+04
5.625000000000000000e+00,1.454418867548803610e+04
5.645833333333333037e+00,1.454416801146790749e+04
5.666666666666666075e+00,1.454414833995458685e+04
5.687500000000000000e+00,1.454412964055553675e+04
5.708333333333333037e+00,1.454411189250368625e+04
5.729166666666666075e+00,1.454409507470451717e+04
5.750000000000000000e+00,1.454407916578133882e+04
5.770833333333333037e+00,1.454406414411875812e+04
5.791666666666666075e+00,1.454404998790440368e+04
5.812500000000000000e+00,1.454403667516891801e+04
5.833333333333333037e+00,1.454402418382420001e+04
5.854166666666666075e+00,1.454401249170002120e+04
5.875000000000000000e+00,1.454400157657896489e+04
5.895833333333333037e+00,1.454399141622972456e+04
5.916666666666666075e+00,1.454398198843887076e+04
5.937500000000000000e+00,1.454397327104099168e+04
5.958333333333333037e+00,1.454396524194737140e+04
5.979166666666666075e+00,1.454395787917315829e+04
6.000000000000000000e+00,1.454395116086304552e+04
6.020833333333333037e+00,1.454394506531559819e+04
6.041666666666666075e+00,1.454393957100611442e+04
6.062500000000000000e+00,1.454393465660820220e+04
6.083333333333333037e+00,1.454393030101401018e+04
6.104166666666666075e+00,1.454392648335315971e+04
6.125000000000000000e+00,1.454392318301046907e+04
6.145833333333333037e+00,1.454392037964243718e+04
6.166666666666666075e+00,1.454391805319256673e+04
6.187500000000000000e+00,1.454391618390555232e+04
6.208333333333333037e+00,1.454391475234032623e+04
6.229166666666666075e+00,1.454391373938208199e+04
6.250000000000000000e+00,1.454391312625326100e+04
6.270833333333333037e+00,1.454391289452348792e+04
6.291666666666666075e+00,1.454391302611858555e+04
6.312500000000000000e+00,1.454391350332864022e+04
6.333333333333333037e+00,1.454391430881519409e+04
6.354166666666666075e+00,1.454391542561754250e+04
6.375000000000000000e+00,1.454391683715818363e+04
6.395833333333333037e+00,1.454391852724752243e+04
6.416666666666666075e+00,1.454392048008777419e+04
6.437500000000000000e+00,1.454392268027613318e+04
6.458333333333333037e+00,1.454392511280723920e+04
6.479166666666666075e+00,1.454392776307496752e+04
6.500000000000000000e+00,1.454393061687356021e+04
6.520833333333333037e+00,1.454393366039821194e+04
6.541666666666666075e+00,1.454393688024496441e+04
6.562500000000000000e+00,1.454394026341010976e+04
6.583333333333333037e+00,1.454394379728905915e+04
6.604166666666666075e+00,1.454394746967470564e+04
6.625000000000000000e+00,1.454395126875528877e+04
6.645833333333333037e+00,1.454395518311181877e+04
6.666666666666666075e+00,1.454395920171512626e+04
6.687500000000000000e+00,1.454396331392240972e+04
6.708333333333333037e+00,1.454396750947350665e+04
6.729166666666666075e+00,1.454397177848675346e+04
6.750000000000000000e+00,1.454397611145454721e+04
6.770833333333333037e+00,1.454398049923855069e+04
6.791666666666666075e+00,1.454398493306468663e+04
6.812500000000000000e+00,1.454398940451780436e+04
6.833333333333333037e+00,1.454399390553612102e+04
6.854166666666666075e+00,1.454399842840544079e+04
6.875000000000000000e+00,1.454400296575316679e+04
6.895833333333333037e+00,1.454400751054212378e+04
6.916666666666666075e+00,1.454401205606420990e+04
6.937500000000000000e+00,1.454401659593388104e+04
6.958333333333333037e+00,1.454402112408152971e+04
6.979166666666666075e+00,1.454402563474667841e+04
7.000000000000000000e+00,1.454403012247109291e+04
7.020833333333333037e+00,1.454403458209189193e+04
7.041666666666666075e+00,1.454403900873451857e+04
7.062500000000000000e+00,1.454404339780563168e+04
7.083333333333333037e+00,1.454404774498597180e+04
7.104166666666666075e+00,1.454405204622316160e+04
7.125000000000000000e+00,1.454405629772449538e+04
7.145833333333333037e+00,1.454406049594972137e+04
7.166666666666666075e+00,1.454406463760379120e+04
7.187500000000000000e+00,1.454406871962965670e+04
7.208333333333333037e+00,1.454407273920103398e+04
7.229166666666666075e+00,1.454407669371524389e+04
7.250000000000000000e+00,1.454408058078604881e+04
7.270833333333333037e+00,1.454408439823654044e+04
7.291666666666666075e+00,1.454408814409210026e+04
7.312500000000000000e+00,1.454409181657338195e+04
7.333333333333333037e+00,1.454409541408938458e+04
7.354166666666666075e+00,1.454409893523058781e+04
7.375000000000000000e+00,1.454410237876218525e+04
7.395833333333333037e+00,1.454410574361733961e+04
7.416666666666666075e+00,1.454410902889060162e+04
7.437500000000000000e+00,1.454411223383139441e+04
7.458333333333333037e+00,1.454411535783756335e+04
7.479166666666666075e+00,1.454411840044908604e+04
7.500000000000000000e+00,1.454412136134183311e+04
7.520833333333333037e+00,1.454412424032149283e+04
7.541666666666666075e+00,1.454412703731755391e+04
7.562500000000000000e+00,1.454412975237744467e+04
7.583333333333333037e+00,1.454413238566078144e+04
7.604166666666666075e+00,1.454413493743371873e+04
7.625000000000000000e+00,1.454413740806345959e+04
7.645833333333333037e+00,1.454413979801284586e+04
7.666666666666666075e+00,1.454414210783510862e+04
7.687500000000000000e+00,1.454414433816873861e+04
7.708333333333333037e+00,1.454414648973247313e+04
7.729166666666666075e+00,1.454414856332042837e+04
7.750000000000000000e+00,1.454415055979734461e+04
7.770833333333333037e+00,1.454415248009398056e+04
7.791666666666666075e+00,1.454415432520262402e+04
7.812500000000000000e+00,1.454415609617273367e+04
7.833333333333333037e+00,1.454415779410671894e+04
7.854166666666666075e+00,1.454415942015585097e+04
7.875000000000000000e+00,1.454416097551628991e+04
7.895833333333333037e+00,1.454416246142524687e+04
7.916666666666666075e+00,1.454416387915728410e+04
7.937500000000000000e+00,1.454416523002071699e+04
7.958333333333333037e+00,1.454416651535417623e+04
7.979166666666666075e+00,1.454416773652327174e+04
8.000000000000000000e+00,1.454416889491736947e+04
8.020833333333332149e+00,1.454416999194651362e+04
8.041666666666666075e+00,1.454417102903846171e+04
8.062500000000000000e+00,1.454417200763583969e+04
8.083333333333332149e+00,1.454417292919338797e+04
8.104166666666666075e+00,1.454417379517537847e+04
8.125000000000000000e+00,1.454417460705307531e+04
8.145833333333332149e+00,1.454417536630235918e+04
8.166666666666666075e+00,1.454417607440144275e+04
8.187500000000000000e+00,1.454417673282869509e+04
8.208333333333332149e+00,1.454417734306055354e+04
8.229166666666666075e+00,1.454417790656957368e+04
8.250000000000000000e+00,1.454417842482255583e+04
8.270833333333332149e+00,1.454417889927875149e+04
8.291666666666666075e+00,1.454417933138821900e+04
8.312500000000000000e+00,1.454417972259022645e+04
8.333333333333332149e+00,1.454418007431176011e+04
8.354166666666666075e+00,1.454418038796612746e+04
8.375000000000000000e+00,1.454418066495164385e+04
8.395833333333332149e+00,1.454418090665039927e+04
8.416666666666666075e+00,1.454418111442710142e+04
8.437500000000000000e+00,1.454418128962803166e+04
8.458333333333332149e+00,1.454418143358002999e+04
8.479166666666666075e+00,1.454418154758958917e+04
8.500000000000000000e+00,1.454418163294200713e+04
8.520833333333332149e+00,1.454418169090061929e+04
8.541666666666666075e+00,1.454418172270609648e+04
8.562500000000000000e+00,1.454418172957577553e+04
8.583333333333332149e+00,1.454418171270312814e+04
8.604166666666666075e+00,1.454418167325723698e+04
8.625000000000000000e+00,1.454418161238228276e+04
8.645833333333332149e+00,1.454418153119721683e+04
8.666666666666666075e+00,1.454418143079539368e+04
8.687500000000000000e+00,1.454418131224425815e+04
8.708333333333332149e+00,1.454418117658513074e+04
8.729166666666666075e+00,1.454418102483298935e+04
8.750000000000000000e+00,1.454418085797634194e+04
8.770833333333332149e+00,1.454418067697710285e+04
8.791666666666666075e+00,1.454418048277055641e+04
8.812500000000000000e+00,1.454418027626531693e+04
8.833333333333332149e+00,1.454418005834334690e+04
8.854166666666666075e+00,1.454417982986001516e+04
8.875000000000000000e+00,1.454417959164418426e+04
8.895833333333332149e+00,1.454417934449833047e+04
8.916666666666666075e+00,1.454417908919869660e+04
8.937500000000000000e+00,1.454417882649546664e+04
8.958333333333332149e+00,1.454417855711298762e+04
8.979166666666666075e+00,1.454417828174999158e+04
9.000000000000000000e+00,1.454417800107986113e+04
9.020833333333332149e+00,1.454417771575090228e+04
9.041666666666666075e+00,1.454417742638667914e+04
9.062500000000000000e+00,1.454417713358627952e+04
9.083333333333332149e+00,1.454417683792472599e+04
9.104166666666666075e+00,1.454417653995327419e+04
9.125000000000000000e+00,1.454417624019983487e+04
9.145833333333332149e+00,1.454417593916932674e+04
9.166666666666666075e+00,1.454417563734410578e+04
9.187500000000000000e+00,1.454417533518436539e+04
9.208333333333332149e+00,1.454417503312856934e+04
9.229166666666666075e+00,1.454417473159389192e+04
9.250000000000000000e+00,1.454417443097663272e+04
9.270833333333332149e+00,1.454417413165272228e+04
9.291666666666666075e+00,1.454417383397813319e+04
9.312500000000000000e+00,1.454417353828936029e+04
9.333333333333332149e+00,1.454417324490390092e+04
9.354166666666666075e+00,1.454417295412070962e+04
9.375000000000000000e+00,1.454417266622069656e+04
9.395833333333332149e+00,1.454417238146718228e+04
9.416666666666666075e+00,1.454417210010639246e+04
9.437500000000000000e+00,1.454417182236793451e+04
9.458333333333332149e+00,1.454417154846528865e+04
9.479166666666666075e+00,1.454417127859626271e+04
9.500000000000000000e+00,1.454417101294349413e+04
9.520833333333332149e+00,1.454417075167492294e+04
9.541666666666666075e+00,1.454417049494426101e+04
9.562500000000000000e+00,1.454417024289146866e+04
9.583333333333332149e+00,1.454416999564320940e+04
9.604166666666666075e+00,1.454416975331333379e+04
9.625000000000000000e+00,1.454416951600332686e+04
9.645833333333332149e+00,1.454416928380276659e+04
9.666666666666666075e+00,1.454416905678976400e+04
9.687500000000000000e+00,1.454416883503142890e+04
9.708333333333332149e+00,1.454416861858428092e+04
9.729166666666666075e+00,1.454416840749468611e+04
9.750000000000000000e+00,1.454416820179931165e+04
9.770833333333332149e+00,1.454416800152551150e+04
9.791666666666666075e+00,1.454416780669173022e+04
9.812500000000000000e+00,1.454416761730794315e+04
9.833333333333332149e+00,1.454416743337601292e+04
9.854166666666666075e+00,1.454416725489011515e+04
9.875000000000000000e+00,1.454416708183708033e+04
9.895833333333332149e+00,1.454416691419679410e+04
9.916666666666666075e+00,1.454416675194254640e+04
9.937500000000000000e+00,1.454416659504139534e+04
9.958333333333332149e+00,1.454416644345450186e+04
9.979166666666666075e+00,1.454416629713748262e+04
1.000000000000000000e+01,1.454416615604073377e+04
1.002083333333333215e+01,1.454416602010974384e+04
1.004166666666666607e+01,1.454416588928542114e+04
1.006250000000000000e+01,1.454416576350438845e+04
1.008333333333333215e+01,1.454416564269928131e+04
1.010416666666666607e+01,1.454416552679902088e+04
1.012500000000000000e+01,1.454416541572912683e+04
1.014583333333333215e+01,1.454416530941194651e+04
1.016666666666666607e+01,1.454416520776693869e+04
1.018750000000000000e+01,1.454416511071092100e+04
1.020833333333333215e+01,1.454416501815830270e+04
1.022916666666666607e+01,1.454416493002134303e+04
1.025000000000000000e+01,1.454416484621037307e+04
1.027083333333333215e+01,1.454416476663397771e+04
1.029166666666666607e+01,1.454416469119925750e+04
1.031250000000000000e+01,1.454416461981199973e+04
1.033333333333333215e+01,1.454416455237688206e+04
1.035416666666666607e+01,1.454416448879766540e+04
1.037500000000000000e+01,1.454416442897735760e+04
1.039583333333333215e+01,1.454416437281839899e+04
1.041666666666666607e+01,1.454416432022281879e+04
1.043750000000000000e+01,1.454416427109239885e+04
1.045833333333333215e+01,1.454416422532880824e+04
1.047916666666666607e+01,1.454416418283375970e+04
1.050000000000000000e+01,1.454416414350915511e+04
1.052083333333333215e+01,1.454416410725717287e+04
1.054166666666666607e+01,1.454416407398043521e+04
1.056250000000000000e+01,1.454416404358210275e+04
1.058333333333333215e+01,1.454416401596598371e+04
1.060416666666666607e+01,1.454416399103664662e+04
1.062500000000000000e+01,1.454416396869948585e+04
1.064583333333333215e+01,1.454416394886087437e+04
1.066666666666666607e+01,1.454416393142818197e+04
1.068750000000000000e+01,1.454416391630989892e+04
1.070833333333333215e+01,1.454416390341569422e+04
1.072916666666666607e+01,1.454416389265648831e+04
1.075000000000000000e+01,1.454416388394450405e+04
1.077083333333333215e+01,1.454416387719336126e+04
1.079166666666666607e+01,1.454416387231809131e+04
1.081250000000000000e+01,1.454416386923519531e+04
1.083333333333333215e+01,1.454416386786272415e+04
1.085416666666666607e+01,1.454416386812026758e+04
1.087500000000000000e+01,1.454416386992903426e+04
1.089583333333333215e+01,1.454416387321185175e+04
1.091666666666666607e+01,1.454416387789322835e+04
1.093750000000000000e+01,1.454416388389933854e+04
1.095833333333333215e+01,1.454416389115808852e+04
1.097916666666666607e+01,1.454416389959909793e+04
1.100000000000000000e+01,1.454416390915373267e+04
1.102083333333333215e+01,1.454416391975512306e+04
1.104166666666666607e+01,1.454416393133814199e+04
1.106250000000000000e+01,1.454416394383945953e+04
1.108333333333333215e+01,1.454416395719749926e+04
1.110416666666666607e+01,1.454416397135245279e+04
1.112500000000000000e+01,1.454416398624630529e+04
1.114583333333333215e+01,1.454416400182280267e+04
1.116666666666666607e+01,1.454416401802742621e+04
1.118750000000000000e+01,1.454416403480743611e+04
1.120833333333333215e+01,1.454416405211182791e+04
1.122916666666666607e+01,1.454416406989132156e+04
1.125000000000000000e+01,1.454416408809834684e+04
1.127083333333333215e+01,1.454416410668702883e+04
1.129166666666666607e+01,1.454416412561318430e+04
1.131250000000000000e+01,1.454416414483429617e+04
1.133333333333333215e+01,1.454416416430944810e+04
1.135416666666666607e+01,1.454416418399938630e+04
1.137500000000000000e+01,1.454416420386642494e+04
1.139583333333333215e+01,1.454416422387446073e+04
1.141666666666666607e+01,1.454416424398892559e+04
1.143750000000000000e+01,1.454416426417678667e+04
1.145833333333333215e+01,1.454416428440646632e+04
1.147916666666666607e+01,1.454416430464789664e+04
1.150000000000000000e+01,1.454416432487241764e+04
1.152083333333333215e+01,1.454416434505278085e+04
1.154166666666666607e+01,1.454416436516310569e+04
1.156250000000000000e+01,1.454416438517887582e+04
1.158333333333333215e+01,1.454416440507687366e+04
1.160416666666666607e+01,1.454416442483517676e+04
1.162500000000000000e+01,1.454416444443310684e+04
1.164583333333333215e+01,1.454416446385121162e+04
1.166666666666666607e+01,1.454416448307122846e+04
1.168750000000000000e+01,1.454416450207605521e+04
1.170833333333333215e+01,1.454416452084969933e+04
1.172916666666666607e+01,1.454416453937728875e+04
1.175000000000000000e+01,1.454416455764499187e+04
1.177083333333333215e+01,1.454416457564001757e+04
1.179166666666666607e+01,1.454416459335056788e+04
1.181250000000000000e+01,1.454416461076581254e+04
1.183333333333333215e+01,1.454416462787585988e+04
1.185416666666666607e+01,1.454416464467171318e+04
1.187500000000000000e+01,1.454416466114525974e+04
1.189583333333333215e+01,1.454416467728921634e+04
1.191666666666666607e+01,1.454416469309712193e+04
1.193750000000000000e+01,1.454416470856329761e+04
1.195833333333333215e+01,1.454416472368279938e+04
1.197916666666666607e+01,1.454416473845142536e+04
1.200000000000000000e+01,1.454416475286565765e+04
1.202083333333333215e+01,1.454416476692264769e+04
1.204166666666666607e+01,1.454416478062016540e+04
1.206250000000000000e+01,1.454416479395661736e+04
1.208333333333333215e+01,1.454416480693098492e+04
1.210416666666666607e+01,1.454416481954278788e+04
1.212500000000000000e+01,1.454416483179208444e+04
1.214583333333333215e+01,1.454416484367944213e+04
1.216666666666666607e+01,1.454416485520590868e+04
1.218750000000000000e+01,1.454416486637296839e+04
1.220833333333333215e+01,1.454416487718255667e+04
1.222916666666666607e+01,1.454416488763700181e+04
1.225000000000000000e+01,1.454416489773901776e+04
1.227083333333333215e+01,1.454416490749168588e+04
1.229166666666666607e+01,1.454416491689841860e+04
1.231250000000000000e+01,1.454416492596295575e+04
1.233333333333333215e+01,1.454416493468932822e+04
1.235416666666666607e+01,1.454416494308185065e+04
1.237500000000000000e+01,1.454416495114508871e+04
1.239583333333333215e+01,1.454416495888384452e+04
1.241666666666666607e+01,1.454416496630315669e+04
1.243750000000000000e+01,1.454416497340826390e+04
1.245833333333333215e+01,1.454416498020457948e+04
1.247916666666666607e+01,1.454416498669769135e+04
1.250000000000000000e+01,1.454416499289335115e+04
1.252083333333333215e+01,1.454416499879743424e+04
1.254166666666666607e+01,1.454416500441595417e+04
1.256250000000000000e+01,1.454416500975501913e+04
1.258333333333333215e+01,1.454416501482084641e+04
1.260416666666666607e+01,1.454416501961972244e+04
1.262500000000000000e+01,1.454416502415801733e+04
1.264583333333333215e+01,1.454416502844214119e+04
1.266666666666666607e+01,1.392914709548034079e+04
1.268750000000000000e+01,1.317786259201192297e+04
1.270833333333333215e+01,1.282780914193120043e+04
1.272916666666666607e+01,1.282776512175497555e+04
1.275000000000000000e+01,1.282772043097107598e+04
1.277083333333333215e+01,1.282767516434284335e+04
1.279166666666666607e+01,1.282762941286770729e+04
1.281250000000000000e+01,1.282758326383174790e+04
1.283333333333333215e+01,1.282753680086682289e+04
1.285416666666666607e+01,1.282749010401004125e+04
1.287500000000000000e+01,1.282744324976534699e+04
1.289583333333333215e+01,1.282739631116710370e+04
1.291666666666666607e+01,1.282734935784542176e+04
1.293750000000000000e+01,1.282730245609310077e+04
1.295833333333333215e+01,1.282725566893396899e+04
1.297916666666666607e+01,1.282720905619256519e+04
1.300000000000000000e+01,1.282716267456481728e+04
1.302083333333333215e+01,1.282711657768976511e+04
1.304166666666666607e+01,1.282707081622204714e+04
1.306250000000000000e+01,1.282702543790508207e+04
1.308333333333333215e+01,1.282698048764475243e+04
1.310416666666666607e+01,1.282693600758352477e+04
1.312500000000000000e+01,1.282689203717485725e+04
1.314583333333333215e+01,1.282684861325774182e+04
1.316666666666666607e+01,1.282680577013132643e+04
1.318750000000000000e+01,1.282676353962948269e+04
1.320833333333333215e+01,1.282672195119520984e+04
1.322916666666666607e+01,1.282668103195481308e+04
1.325000000000000000e+01,1.282664080679170002e+04
1.327083333333333215e+01,1.282660129841979142e+04
1.329166666666666607e+01,1.282656252745640813e+04
1.331250000000000000e+01,1.282652451249455407e+04
1.333333333333333215e+01,1.282648727017457350e+04
1.335416666666666607e+01,1.282645081525505520e+04
1.337500000000000000e+01,1.282641516068299825e+04
1.339583333333333215e+01,1.282638031766414861e+04
1.341666666666666607e+01,1.282634629573096390e+04
1.343750000000000000e+01,1.282631310280901380e+04
1.345833333333333215e+01,1.282628074528334037e+04
1.347916666666666607e+01,1.282624922806383620e+04
1.350000000000000000e+01,1.282621855464956388e+04
1.352083333333333215e+01,1.282618872719190767e+04
1.354166666666666607e+01,1.282615974655656464e+04
1.356250000000000000e+01,1.282613161238436078e+04
1.358333333333333215e+01,1.282610432315081198e+04
1.360416666666666607e+01,1.282607787622448814e+04
1.362500000000000000e+01,1.282605226792407848e+04
1.364583333333333215e+01,1.282602749357416178e+04
1.366666666666666607e+01,1.282600354755970693e+04
1.368750000000000000e+01,1.282598042337922379e+04
1.370833333333333215e+01,1.282595811369662624e+04
1.372916666666666607e+01,1.282593661039172366e+04
1.375000000000000000e+01,1.282591590460939551e+04
1.377083333333333215e+01,1.282589598680741619e+04
1.379166666666666607e+01,1.282587684680293023e+04
1.381250000000000000e+01,1.282585847381757048e+04
1.383333333333333215e+01,1.282584085652126305e+04
1.385416666666666607e+01,1.282582398307465701e+04
1.387500000000000000e+01,1.282580784117023723e+04
1.389583333333333215e+01,1.282579241807210929e+04
1.391666666666666607e+01,1.282577770065443474e+04
1.393750000000000000e+01,1.282576367543861852e+04
1.395833333333333215e+01,1.282575032862913213e+04
1.397916666666666607e+01,1.282573764614807078e+04
1.400000000000000000e+01,1.282572561366846639e+04
1.402083333333333215e+01,1.282571421664631998e+04
1.404166666666666607e+01,1.282570344035136441e+04
1.406250000000000000e+01,1.282569326989666297e+04
1.408333333333333215e+01,1.282568369026694199e+04
1.410416666666666607e+01,1.282567468634578472e+04
1.412500000000000000e+01,1.282566624294161375e+04
1.414583333333333215e+01,1.282565834481254933e+04
1.416666666666666607e+01,1.282565097669013267e+04
1.418750000000000000e+01,1.282564412330193227e+04
1.420833333333333215e+01,1.282563776939309537e+04
1.422916666666666607e+01,1.282563189974678608e+04
1.425000000000000000e+01,1.282562649920365220e+04
1.427083333333333215e+01,1.282562155268017523e+04
1.429166666666666607e+01,1.282561704518615079e+04
1.431250000000000000e+01,1.282561296184108505e+04
1.433333333333333215e+01,1.282560928788971069e+04
1.435416666666666607e+01,1.282560600871656061e+04
1.437500000000000000e+01,1.282560310985965771e+04
1.439583333333333215e+01,1.282560057702328413e+04
1.441666666666666607e+01,1.282559839608997572e+04
1.443750000000000000e+01,1.282559655313160692e+04
1.445833333333333215e+01,1.282559503441974812e+04
1.447916666666666607e+01,1.282559382643521167e+04
1.450000000000000000e+01,1.282559291587682674e+04
1.452083333333333215e+01,1.282559228966950832e+04
1.454166666666666607e+01,1.282559193497164961e+04
1.456250000000000000e+01,1.282559183918177223e+04
1.458333333333333215e+01,1.282559198994455073e+04
1.460416666666666607e+01,1.282559237515622226e+04
1.462500000000000000e+01,1.282559298296931593e+04
1.464583333333333215e+01,1.282559380179691289e+04
1.466666666666666607e+01,1.282559482031619336e+04
1.468750000000000000e+01,1.282559602747156532e+04
1.470833333333333215e+01,1.282559741247719649e+04
1.472916666666666607e+01,1.282559896481908436e+04
1.475000000000000000e+01,1.282560067425662419e+04
1.477083333333333215e+01,1.282560253082371855e+04
1.479166666666666607e+01,1.282560452482949404e+04
1.481250000000000000e+01,1.282560664685851589e+04
1.483333333333333215e+01,1.282560888777068612e+04
1.485416666666666607e+01,1.282561123870074152e+04
1.487500000000000000e+01,1.282561369105734775e+04
1.489583333333333215e+01,1.282561623652190247e+04
1.491666666666666607e+01,1.282561886704702920e+04
1.493750000000000000e+01,1.282562157485467833e+04
1.495833333333333215e+01,1.282562435243406071e+04
1.497916666666666607e+01,1.282562719253921750e+04
